500 1 3.13

500 2 2.55

500 4 1.29

500 8 0.67

500 16 0.36

500 32 0.19

1000 1 25.44

1000 2 21.11

1000 4 10.61

1000 8 5.19

1000 16 2.71

1000 32 1.45

1500 1 86.30

1500 2 72.20

1500 4 36.06

1500 8 18.18

1500 16 9.18

1500 32 4.71

2000 1 206.37

2000 2 171.62

2000 4 86.11

2000 8 43.02

2000 16 21.62

2000 32 10.69

2500 1 414.52

2500 2 339.75

2500 4 170.46

2500 8 85.64

2500 16 43.11

2500 32 22.17

3000 1 713.19

3000 2 586.48

3000 4 294.00

3000 8 147.52

3000 16 74.09

3000 32 37.49

3500 1 
3500 2 
3500 4 466.35

3500 8 234.40

3500 16 117.45

3500 32 59.69

4000 1 
4000 2 
4000 4 695.53

4000 8 348.57

4000 16 174.93

4000 32 88.06

4500 1 
4500 2 
4500 4 
4500 8 496.72

4500 16 
4500 32 
5000 1 
5000 2 
5000 4 
5000 8 
5000 16 
5000 32 
