100 1 0.000151
100 3 0.000077
100 5 0.000066
100 7 0.000077
100 9 0.000079
100 11 0.000088
600 1 0.042195
600 3 0.014018
600 5 0.008370
600 7 0.008940
600 9 0.006844
600 11 0.005886
1100 1 0.331460
1100 3 0.118331
1100 5 0.073576
1100 7 0.061823
1100 9 0.050834
1100 11 0.044876
1600 1 1.481112
1600 3 0.558013
1600 5 0.367161
1600 7 0.279196
1600 9 0.209338
1600 11 0.162072
2100 1 3.539467
2100 3 1.291606
2100 5 0.844620
2100 7 0.656768
2100 9 0.492574
2100 11 0.385566
2600 1 7.040731
2600 3 2.501328
2600 5 1.622713
2600 7 1.241621
2600 9 0.931820
2600 11 0.763842
3100 1 12.054966
3100 3 4.233488
3100 5 2.742483
3100 7 2.100637
3100 9 1.583695
3100 11 1.312106
