100 1 0.00
100 2 0.00
100 3 0.00
100 4 0.00
100 5 0.00
100 6 0.00
500 1 0.17
500 2 0.11
500 3 0.08
500 4 0.07
500 5 0.06
500 6 0.05
1000 1 2.08
1000 2 1.44
1000 3 1.23
1000 4 1.08
1000 5 0.93
1000 6 0.92
1500 1 7.47
1500 2 6.64
1500 3 5.83
1500 4 5.60
1500 5 5.50
1500 6 5.53
2000 1 17.67
2000 2 14.14
2000 3 12.76
2000 4 13.84
2000 5 13.55
2000 6 13.71
2500 1 77.98
2500 2 28.73
2500 3 25.93
2500 4 25.26
2500 5 25.11
2500 6 26.63
3000 1 132.60
3000 2 82.04
3000 3 44.49
3000 4 43.46
3000 5 43.55
3000 6 43.71
