500 1 0.068678
500 2 0.034485
500 4 0.017514
500 8 0.009184
500 16 0.009349
500 32 0.005746
500 64 0.009753
500 128 0.009121
1500 1 1.882933
1500 2 1.257650
1500 4 0.652685
1500 8 0.314023
1500 16 0.337292
1500 32 0.148510
1500 64 0.177110
1500 128 0.158165
2500 1 11.119353
2500 2 5.543711
2500 4 2.618273
2500 8 1.334967
2500 16 2.186748
2500 32 1.007112
2500 64 0.796919
2500 128 0.599420
3500 1 29.076050
3500 2 15.124693
3500 4 11.766554
3500 8 3.710115
3500 16 6.084196
3500 32 3.121202
3500 64 2.153802
3500 128 1.507147
4500 1 59.908523
4500 2 35.179432
4500 4 20.368080
4500 8 9.248312
4500 16 12.264475
4500 32 7.736075
4500 64 4.479500
4500 128 3.178608
